p2 42 75 2 1 2 1 2 0 0 0 1 0 0 0 0 0 15 3.8729 Measles
p3 13 33 2 0 0 0 2 3 1 0 1 0 0 0 5 0 44 6.6332 Mumps
p4 66 60 2 1 0 1 0 3 1 2 1 3 0 0 0 5 55 7.4161 Common-Cold
p6 79 50 0 0 2 0 0 0 1 0 0 0 0 4 0 0 21 4.5825 Chicken-Pox
p9 69 47 0 1 0 1 0 0 0 2 0 3 0 0 0 5 40 6.3245 Common-Cold
p10 50 95 2 1 0 0 2 0 1 0 1 0 4 0 0 0 27 5.1961 Flu
p12 68 34 2 1 2 0 0 3 0 0 1 0 0 0 0 0 19 4.3588 Measles
p13 39 50 2 0 0 0 2 0 1 0 0 0 0 0 5 0 34 5.8309 Mumps
p14 54 89 2 1 0 1 2 0 1 2 1 3 0 0 0 5 50 7.0710 Common-Cold
p15 11 65 2 0 0 1 2 0 0 0 1 0 4 0 0 0 26 5.0990 Flu
p1 17 96 2 0 2 0 2 0 1 2 0 0 0 4 0 0 33 5.7445 Chicken-Pox
p17 79 62 2 1 2 1 2 0 0 0 1 0 0 0 0 0 15 3.8729 Measles
p18 29 78 2 0 0 0 0 3 1 0 0 0 0 0 5 0 39 6.2449 Mumps
p21 62 97 0 0 2 1 0 0 1 0 0 0 0 4 0 0 22 4.6904 Chicken-Pox
p23 33 82 2 0 0 0 0 0 1 0 1 0 0 0 5 0 31 5.5677 Mumps
p24 30 87 2 0 0 1 0 0 1 2 1 3 0 0 0 5 45 6.7082 Common-Cold
p5 25 62 2 0 0 1 2 3 1 0 1 0 4 0 0 0 36 6 Flu
p16 48 37 2 0 2 0 2 3 0 0 1 0 0 4 0 0 38 6.1644 Chicken-Pox
p8 78 83 0 0 0 0 2 0 1 0 1 0 0 0 0 0 6 2.4494 Mumps
p22 25 70 2 1 2 0 2 0 0 0 1 0 0 0 0 0 14 3.7416 Measles
p7 37 68 2 1 2 0 0 0 1 0 1 0 0 0 0 0 11 3.3166 Measles
p20 63 88 2 0 0 1 2 3 1 0 0 0 4 0 0 0 35 5.9160 Flu
p25 73 67 2 0 0 1 0 3 1 0 1 0 4 0 0 0 32 5.6568 Flu
p11 76 84 2 1 2 0 0 0 0 2 0 0 0 4 0 0 29 5.3851 Chicken-Pox
p19 45 74 0 1 0 1 0 3 1 2 1 3 0 0 0 5 51 7.1414 Common-Cold
p26 22 54 2 0 2 0 2 0 1 2 0 0 0 4 0 0 33 5.7445 Chicken-Pox
p27 57 75 2 1 0 1 2 0 1 2 1 3 0 0 0 5 50 7.071067812 Common-Cold
p28 49 67 2 0 0 1 2 3 1 0 1 0 4 0 0 0 36 6 Flu
p29 33 58 2 1 2 1 2 0 0 0 1 0 0 0 0 0 15 3.872983346 Measles
p30 46 79 2 0 0 0 2 3 1 0 1 0 0 0 5 0 44 6.633249581 Mumps
p31 78 56 2 0 2 1 2 0 0 0 1 0 0 0 0 0 14 3.741657387 Measles
p32 52 72 2 1 0 1 2 3 1 0 1 0 4 0 0 0 37 6.08276253 Flu
p33 26 56 2 0 2 1 2 0 1 2 1 3 0 0 0 5 53 7.280109889 Common-Cold
p34 46 73 2 0 0 0 2 0 1 2 0 0 0 4 0 0 29 5.385164807 Chicken-Pox
p35 35 62 2 1 0 1 2 0 0 2 1 3 0 0 0 5 49 7 Common-Cold
p36 72 57 2 0 0 1 2 3 0 0 1 0 4 0 0 0 35 5.916079783 Flu
p37 81 57 2 0 0 0 2 3 1 0 0 0 0 0 0 0 18 4.242640687 Mumps
p38 39 77 2 1 2 0 2 0 0 0 1 0 0 0 0 0 14 3.741657387 Measles
p39 66 68 2 0 2 0 2 0 1 2 0 0 0 4 0 5 58 7.615773106 Chicken-Pox
p40 54 46 2 0 2 0 2 0 1 2 0 0 0 4 0 5 58 7.615773106 Chicken-Pox
p41 61 78 2 1 0 0 0 3 0 2 0 0 0 0 0 0 18 4.242640687 Measles
p42 73 72 2 0 0 1 0 3 1 0 1 0 4 0 0 0 32 5.656854249 Flu
p43 45 69 2 1 2 1 2 0 0 0 1 3 0 0 0 0 24 4.898979486 Measles
p44 78 64 0 0 0 0 2 0 1 0 1 0 0 0 0 0 6 2.449489743 Mumps
p45 56 73 2 0 0 1 0 0 1 2 1 3 0 0 0 5 45 6.708203932 Common-Cold
p46 52 47 2 1 2 0 2 0 1 0 0 0 0 4 0 0 30 5.477225575 Chicken-Pox 
p47 63 65 2 0 0 0 0 0 1 0 1 0 0 0 5 0 31 5.567764363 Mumps
p48 81 65 2 1 2 0 0 3 0 0 1 0 0 0 0 0 19 4.358898944 Measles
p49 72 49 2 0 0 1 2 0 0 0 1 0 4 0 0 0 26 5.099019514 Flu
p50 73 76 2 0 2 0 2 3 0 0 1 0 0 4 0 0 38 6.164414003 Chicken-Pox
p51 56 64 0 1 0 1 0 0 0 2 0 3 0 0 0 5 40 6.32455532 Common-Cold
p52 43 60 2 1 0 0 0 0 1 2 1 3 0 0 0 5 45 6.708203932 Common-Cold
p53 28 70 2 1 0 1 2 0 0 2 1 0 0 0 0 0 15 3.872983346 Measles
p54 50 76 2 1 2 0 0 0 0 2 0 0 0 4 0 0 29 5.385164807 Chicken-Pox
p55 20 55 2 1 0 1 2 3 1 0 1 0 4 0 0 0 37 6.08276253 Flu
p56 33 54 2 1 0 0 2 3 1 0 1 0 0 0 5 0 45 6.708203932 Mumps
p57 40 68 2 1 0 0 2 0 1 0 1 0 4 0 0 0 27 5.196152423 Flu
p58 70 76 0 0 2 1 0 0 1 0 0 0 0 0 5 0 31 5.567764363 Chicken-Pox
p59 29 67 2 0 0 1 2 3 1 0 1 0 0 0 5 5 70 8.366600265 Mumps
p60 63 53 2 1 0 1 0 0 1 2 1 3 0 0 0 5 46 6.782329983 Common-Cold
p61 50 77 2 1 2 0 0 0 1 0 1 0 0 0 0 0 11 3.31662479 Measles
p62 34 67 2 0 0 0 2 3 1 0 1 0 0 0 5 0 44 6.633249581 Mumps
p63 78 80 2 1 0 0 2 0 1 0 1 0 4 0 0 5 52 7.211102551 Flu
p64 25 62 2 0 2 0 2 0 1 0 0 0 0 4 0 0 29 5.385164807 Chicken-Pox
p65 58 48 0 1 0 1 0 0 0 2 0 3 0 0 0 5 40 6.32455532 Common-Cold
p66 73 47 0 0 2 1 0 0 1 0 1 0 0 4 0 0 23 4.795831523 Chicken-Pox
p67 46 45 2 1 0 1 0 3 0 0 1 0 4 0 0 0 32 5.656854249 Flu
p68 30 80 2 0 0 0 2 3 1 0 1 0 0 0 5 0 44 6.633249581 Mumps
p69 46 72 2 1 2 0 2 0 0 0 1 0 0 0 0 0 14 3.741657387 Measles
p70 61 67 2 0 0 1 0 3 1 0 1 0 4 0 0 0 32 5.656854249 Flu
p71 37 70 2 1 0 1 0 0 0 2 1 3 0 0 0 5 45 6.708203932 Common-Cold
p72 80 64 2 1 2 1 2 0 0 2 1 0 0 0 0 5 44 6.633249581 Measles
p73 53 75 2 1 2 0 2 3 0 0 1 0 0 0 0 0 23 4.795831523 Measles 
p74 72 54 2 1 0 0 2 0 1 0 1 0 4 0 0 0 27 5.196152423 Flu
p75 62 53 0 1 0 1 0 3 1 2 1 3 0 0 0 5 51 7.141428429 Chicken-Pox
p76 29 74 2 0 0 0 0 3 1 0 1 0 0 0 5 0 40 6.32455532 Mumps
p77 51 77 2 0 0 1 0 0 1 2 1 3 0 0 0 5 45 6.708203932 Common-Cold
p78 28 66 2 1 2 0 2 3 0 0 1 0 0 0 0 0 23 4.795831523 Measles
p79 36 51 2 1 0 0 0 0 0 2 0 0 0 4 0 0 25 5 Chicken Pox
p80 64 63 2 0 2 0 2 3 1 0 1 0 0 0 5 0 48 6.92820323 Mumps
p81 34 65 2 0 0 1 0 3 1 0 1 0 4 0 0 5 57 7.549834435 Flu
p82 59 75 2 0 2 0 2 0 0 0 1 0 0 0 0 0 13 3.605551275 Measles
p83 24 72 2 1 0 0 2 3 1 0 1 0 4 0 0 0 36 6 Flu
p84 48 57 2 1 0 1 2 0 1 2 1 3 0 0 0 5 50 7.071067812 Common-Cold
p85 73 69 0 0 0 0 2 0 1 0 1 0 0 0 5 0 31 5.567764363 Mumps
p86 70 73 0 1 0 1 0 3 1 2 1 3 0 0 0 5 51 7.141428429 Common-Cold
p87 78 74 2 1 2 0 0 0 0 2 0 0 0 4 0 0 29 5.385164807 Chicken-Pox 
p88 28 80 2 1 2 0 2 0 0 0 1 0 0 0 0 0 14 3.741657387 Measles
p89 64 77 2 1 0 0 2 0 1 0 1 0 0 0 5 0 36 6 Mumps
p90 62 73 2 1 0 0 2 0 1 0 1 0 4 0 0 0 27 5.196152423 Flu